10.02.2014	13:58:59
automatische Belichtungszeit, Gamma 1,60 korrigiert!
yPos 201	xPos 405


Zeilenpixel	Spaltenpixel
9	28
9	34
9	28
9	34
9	22
9	34
13	22
18	22
18	28
9	34
9	22
9	22
6	22
9	18
9	34
9	22
9	34
18	40
18	22
13	34
13	34
13	46
13	22
9	34
13	40
9	40
9	46
6	28
13	28
13	40
9	40
6	53
9	68
13	53
13	40
13	34
13	53
9	53
9	84
9	84
13	68
18	61
13	68
6	53
13	68
13	61
9	102
6	84
6	111
9	68
9	76
13	102
18	121
18	151
18	121
13	162
9	172
13	121
22	111
18	151
9	151
3	195
6	207
13	184
13	162
13	184
18	162
18	172
13	219
13	269
9	282
9	256
9	219
18	309
13	323
13	309
3	309
6	411
6	540
9	540
13	396
13	351
18	396
13	540
9	663
6	700
6	591
9	540
13	506
9	540
6	663
3	815
6	896
9	855
13	757
9	738
6	796
6	719
13	776
13	1000
18	1339
13	1534
13	1387
9	1022
6	916
6	1000
6	1292
6	1636
6	1740
9	1610
18	1560
18	1411
9	1292
9	1339
13	1485
18	1819
9	2010
6	1955
6	1819
6	1636
9	1585
9	1740
9	2236
6	2562
6	2471
6	2179
6	1955
6	1636
9	1766
9	2265
6	2872
6	3195
9	2936
13	2531
13	2122
9	2010
9	2207
6	2562
6	2936
3	3130
6	3228
9	2872
9	2746
6	2840
9	3228
9	3295
9	3000
6	3000
6	2653
6	2323
3	2323
6	2653
9	3097
3	3635
6	4095
9	4059
6	3670
3	3262
3	3163
6	3328
13	3600
6	3880
6	3774
6	3429
3	3000
6	2778
9	2653
9	2872
6	3163
6	3600
6	3704
9	3328
9	2936
9	2872
6	3228
6	3916
9	4538
9	4690
6	4426
3	3916
3	3497
3	3396
3	3774
3	4463
6	4998
6	5116
9	4882
9	4352
9	4059
6	4241
3	4690
3	5195
3	5515
6	5515
6	5274
9	4920
9	4352
9	4241
9	4389
9	4766
3	4804
3	5076
3	5116
3	4804
6	4652
9	4728
9	4959
6	5195
6	5274
6	4804
3	4095
6	3845
6	4059
6	4728
6	5234
6	5515
6	5314
6	4920
3	4501
6	4426
9	4389
13	4652
18	4843
13	4882
9	4843
6	4426
6	4023
13	3951
13	4315
9	4576
18	4501
9	4804
6	4690
9	4241
9	3880
9	3880
13	4132
13	4426
6	5155
6	4501
18	3916
28	4389
22	4315
22	3532
28	2968
28	3032
34	3195
40	2968
40	2562
28	2294
28	2294
34	3032
34	4168
46	4132
53	3097
46	3195
40	3429
34	3130
34	3163
53	3097
84	3295
76	3532
53	3228
46	3130
53	3000
84	2684
111	2653
130	2936
141	3000
172	2936
172	2623
121	2623
102	2501
130	2501
184	2623
231	2623
219	2592
162	2562
151	2441
162	2294
195	2094
231	2094
256	2094
282	2150
269	2353
243	2265
256	2122
323	1955
458	1900
574	1793
591	1873
591	2010
506	2094
381	2010
309	1873
366	1585
574	1411
700	1363
645	1411
540	1436
574	1411
574	1339
591	1222
645	1199
815	1065
979	1000
1065	1154
1022	1222
855	1245
835	1065
1043	937
1363	835
1460	835
1585	815
1534	815
1363	916
1222	738
1292	700
1610	591
1927	574
1955	574
1793	609
1662	627
1585	490
1510	474
1585	506
1846	490
2094	426
2236	396
2323	351
2122	351
1900	381
1873	396
2122	337
2236	282
2471	269
2501	269
2353	256
2207	243
2122	184
2236	172
2653	184
3195	162
3362	151
2904	130
2501	162
2441	162
2412	121
2562	121
2809	151
3032	141
3130	121
3328	111
3130	121
2715	93
2715	102
3295	102
3532	102
3987	84
3987	68
3429	61
2904	53
2840	61
3362	40
4059	46
4389	40
4059	40
3739	46
3704	46
3704	53
3774	53
3880	40
4023	46
4241	46
4132	34
3774	34
3396	34
3130	28
3429	46
3670	34
4132	22
4538	34
4690	40
4426	28
3987	22
3987	22
4352	40
4728	18
5037	22
4728	22
4389	22
3810	13
3497	18
3566	9
4132	40
4882	22
5234	22
5274	22
5195	18
4882	18
4614	22
4652	18
4882	18
5195	13
5314	18
5076	22
4538	18
3987	22
4095	13
4576	18
4920	18
5155	9
5076	18
4728	22
4241	13
4095	13
4315	22
4690	13
4998	13
4804	13
4389	13
4132	18
3774	13
3704	28
3774	18
4059	22
4278	18
4168	22
3880	18
3566	13
3396	6
3670	28
4241	18
4501	18
4426	18
4315	18
4059	9
3810	13
3704	18
3774	22
3987	18
4278	13
4426	22
4204	13
3774	18
3362	13
3195	9
3032	18
3097	18
3163	18
3163	9
3163	13
3097	13
3097	18
3262	18
3532	18
3532	18
3396	22
3065	18
2715	28
2501	28
2441	18
2562	18
2840	18
3032	9
3032	22
2623	18
2179	18
2065	22
1982	22
2037	13
2294	28
2501	13
2382	13
2207	9
2037	13
1982	22
2150	22
2412	6
2441	18
2323	18
2010	9
1740	18
1636	13
1610	9
1636	18
1636	13
1560	13
1688	13
1714	22
1610	9
1411	13
1222	28
1222	28
1315	18
1460	22
1268	22
1043	18
1022	18
1065	22
1065	13
1043	9
1000	18
937	18
896	22
796	18
700	22
796	9
896	18
815	18
609	18
523	13
523	18
506	13
506	13
474	18
426	22
366	18
396	18
381	18
309	18
295	22
295	22
295	18
269	13
231	28
219	13
243	22
256	34
219	18
184	18
172	18
162	18
162	18
162	18
162	18
162	18
151	22
130	13
102	13
84	18
76	28
84	9
102	13
84	13
53	13
53	18
61	13
68	13
68	13
53	22
61	13
61	18
46	13
40	22
40	13
40	13
34	18
34	18
28	9
28	18
34	28
34	18
28	22
13	22
18	13
28	28
28	28
22	9
22	22
22	22
18	0
13	0
22	0
22	0
13	0
18	0
9	0
9	0
9	0
13	0
13	0
9	0
13	0
9	0
13	0
22	0
22	0
18	0
18	0
9	0
6	0
6	0
9	0
13	0
9	0
13	0
18	0
9	0
6	0
9	0
13	0
9	0
6	0
6	0
9	0
13	0
18	0
13	0
9	0
9	0
3	0
6	0
3	0
6	0
6	0
6	0
6	0
9	0
9	0
6	0
3	0
6	0
6	0
6	0
6	0
6	0
6	0
6	0
9	0
6	0
9	0
6	0
6	0
3	0
3	0
6	0
6	0
9	0
9	0
6	0
3	0
6	0
9	0
6	0
6	0
6	0
6	0
6	0
6	0
6	0
6	0
3	0
3	0
9	0
9	0
6	0
6	0
6	0
6	0
6	0
9	0
6	0
9	0
6	0
3	0
6	0
9	0
9	0
13	0
13	0
9	0
9	0
9	0
9	0
9	0
13	0
13	0
9	0
6	0
9	0
9	0
9	0
9	0
3	0
3	0
9	0
9	0
9	0
13	0
6	0
6	0
3	0
6	0
6	0
9	0
6	0
6	0
6	0
13	0
9	0
6	0
3	0
3	0
3	0
3	0
3	0
6	0
13	0
9	0
3	0
3	0
3	0
3	0
9	0
9	0
3	0
1	0
3	0
6	0
6	0
9	0
9	0
6	0
6	0
6	0
3	0
3	0
3	0
9	0
6	0
9	0
6	0
3	0
9	0
6	0
3	0
3	0
6	0
3	0
3	0
3	0
3	0
6	0
9	0
6	0
3	0
3	0
6	0
3	0
3	0
3	0
3	0
6	0
3	0
6	0
9	0
6	0
3	0
3	0
6	0

