10.02.2014	15:00:47
automatische Belichtungszeit, Gamma 1,60 korrigiert!
yPos 75	xPos 457


Zeilenpixel	Spaltenpixel
28	40
28	28
28	34
28	28
28	34
28	22
28	34
34	18
28	34
22	28
28	40
34	34
22	34
22	34
28	40
34	34
28	46
28	46
34	40
34	28
34	28
34	34
28	28
22	40
22	28
28	40
22	34
18	40
22	40
18	28
18	28
22	34
22	22
18	34
22	22
28	40
28	28
34	34
34	34
22	46
22	28
28	34
28	28
22	22
28	28
28	40
28	22
22	22
22	28
22	28
22	28
28	34
18	40
13	22
18	22
34	28
34	28
34	22
28	28
18	34
18	22
22	28
28	28
28	22
22	18
22	18
22	28
18	28
18	22
28	34
40	28
34	28
22	28
22	22
22	22
22	22
28	18
28	22
22	22
18	28
18	18
18	18
22	22
22	22
22	22
18	22
28	18
22	18
18	34
18	18
13	13
13	13
18	18
22	22
18	18
22	18
28	40
22	22
28	22
28	13
22	18
22	18
22	28
22	22
18	18
18	28
22	22
22	28
18	40
13	22
22	18
28	13
22	28
22	34
22	22
18	40
9	28
13	18
18	34
22	40
18	22
22	18
28	28
22	34
22	34
18	28
13	18
9	22
18	13
22	28
28	22
18	18
18	34
18	34
13	28
18	28
18	40
18	18
18	18
18	28
18	28
13	18
13	22
22	28
34	13
22	13
18	22
18	13
22	22
22	18
18	22
22	13
22	13
13	18
18	9
22	13
22	13
18	18
18	13
13	9
18	13
18	9
22	6
28	13
22	9
28	13
28	9
34	13
28	22
18	13
13	9
18	13
13	13
13	18
28	13
34	18
34	13
22	9
22	18
28	13
34	13
34	18
34	9
34	9
40	13
46	18
34	13
34	18
46	18
46	22
46	13
46	18
46	22
53	18
68	18
76	22
68	28
61	18
76	28
76	18
68	18
76	28
84	28
93	22
84	28
93	34
121	22
130	28
121	18
130	34
141	18
141	22
141	46
162	46
172	28
184	28
184	22
195	22
231	22
243	22
256	34
269	22
282	40
295	40
323	34
323	22
309	34
323	18
411	22
506	34
591	40
557	28
506	28
540	34
574	34
627	18
681	22
700	22
719	28
757	34
815	40
815	22
875	22
958	13
1022	18
1065	18
1154	13
1176	28
1154	22
1154	18
1109	22
1109	22
1176	18
1363	13
1560	13
1688	13
1688	13
1688	28
1688	18
1688	18
1688	28
1793	18
1900	18
2010	22
1927	13
1873	28
1900	28
1900	28
1927	18
2010	22
2094	28
2122	28
2236	18
2382	13
2441	13
2412	18
2412	28
2412	22
2471	18
2471	22
2471	28
2382	22
2294	40
2207	28
2207	34
2265	40
2353	46
2412	68
2471	53
2592	53
2592	68
2653	61
2715	61
2809	61
2746	93
2684	84
2746	111
2778	93
2746	102
2684	84
2562	102
2562	121
2562	121
2562	111
2501	141
2531	141
2592	130
2592	162
2471	195
2323	184
2236	172
2207	219
2207	231
2236	195
2207	184
2150	141
2094	172
2065	172
2065	219
2094	243
2122	184
2065	141
1982	219
1900	162
1793	162
1688	151
1585	141
1411	141
1222	172
1109	184
979	151
875	130
815	121
776	130
738	93
700	84
681	93
663	76
627	61
557	84
474	68
381	46
323	53
295	40
256	40
207	40
172	46
141	28
111	28
102	40
84	34
76	18
68	18
53	13
46	9
40	18
40	18
40	18
34	13
34	18
40	18
34	13
28	13
22	9
34	18
53	13
53	28
40	18
34	22
34	28
53	34
76	53
102	53
141	40
219	34
295	46
309	53
323	68
411	68
426	76
458	68
474	76
557	76
645	93
719	84
835	102
958	151
1065	151
1131	130
1154	162
1154	184
1222	219
1315	295
1411	309
1436	295
1387	309
1460	366
1485	442
1485	411
1560	381
1610	506
1610	474
1662	506
1714	591
1714	609
1636	557
1585	681
1662	815
1714	776
1714	796
1688	896
1560	815
1534	815
1534	1022
1534	1087
1436	1000
1411	937
1460	1087
1436	1087
1363	1087
1268	1087
1131	1087
1065	916
1065	1043
1065	1222
1043	1176
979	1131
979	1268
979	1292
875	1199
835	1292
796	1363
627	1154
663	1131
645	1268
540	1292
411	1245
337	1245
282	1292
243	1199
256	1176
243	1292
219	1065
195	1022
207	1131
207	1222
172	1245
130	1176
102	1176
93	1176
84	1087
68	1199
40	1199
28	1154
28	1065
34	1154
34	1154
22	1087
13	1065
18	1022
18	979
13	916
18	1000
28	958
40	958
61	1043
61	1000
61	875
68	835
102	835
141	835
172	835
207	815
243	875
282	896
309	815
396	738
506	645
540	591
557	591
645	609
796	557
835	523
855	557
1022	490
1022	411
1043	396
1176	411
1199	381
1199	411
1222	426
1339	381
1436	366
1436	309
1485	309
1714	295
1740	243
1740	256
1873	256
1714	195
1714	231
1793	231
1819	219
1766	162
1766	162
1846	162
1846	151
1740	162
1688	151
1740	121
1636	130
1662	162
1740	93
1610	84
1436	93
1460	111
1485	68
1292	68
1363	68
1411	84
1199	84
1109	61
1154	68
1154	61
1109	61
1022	40
979	46
896	40
719	40
719	40
700	18
557	40
557	34
523	18
396	22
381	18
351	18
295	22
243	28
207	22
195	9
184	13
141	22
121	18
93	13
84	22
76	13
68	13
53	13
34	13
28	6
28	13
18	9
13	9
28	13
34	9
28	18
18	6
13	9
13	9
18	13
18	13
28	6
53	6
53	13
61	9
84	6
111	13
121	13
141	9
162	13
172	0
195	0
231	0
309	0
396	0
426	0
506	0
591	0
591	0
645	0
757	0
796	0
815	0
896	0
1065	0
1176	0
1268	0
1534	0
1636	0
1560	0
1585	0
1766	0
1793	0
1688	0
1900	0
1927	0
1714	0
1793	0
1873	0
1846	0
1819	0
1846	0
1900	0
1927	0
2037	0
2323	0
2294	0
2122	0
2412	0
2353	0
2179	0
2323	0
2294	0
2294	0
2323	0
2412	0
2323	0
2207	0
2236	0
2412	0
2323	0
2236	0
2353	0
2265	0
2179	0
2207	0
2265	0
2094	0
2122	0
2265	0
2207	0
2150	0
2122	0
2037	0
2010	0
1982	0
2010	0
2010	0
1900	0
1873	0
1900	0
1873	0
1927	0
1900	0
1766	0
1793	0
1819	0
1793	0
1662	0
1585	0
1585	0
1585	0
1485	0
1460	0
1436	0
1339	0
1268	0
1199	0
1154	0
1131	0
1087	0
1087	0
1109	0
1109	0
1087	0
1065	0
1022	0
1000	0
958	0
896	0
757	0
627	0
591	0
609	0
591	0
645	0
663	0
591	0
574	0
574	0
574	0
540	0
458	0
458	0
458	0
351	0
351	0
337	0
256	0
269	0
269	0
282	0
269	0
282	0
282	0
256	0
207	0
219	0
207	0
151	0
162	0
151	0
121	0
102	0
111	0
130	0
141	0
141	0
121	0
102	0
93	0
93	0
93	0
84	0
76	0
68	0
61	0
68	0
76	0
40	0
22	0
34	0
40	0
40	0
40	0
40	0
40	0
40	0
34	0
28	0
40	0
40	0
22	0
18	0
18	0
18	0
22	0
34	0
28	0
18	0
18	0
13	0
18	0
28	0
22	0
18	0
18	0
18	0
18	0
22	0
28	0
18	0
13	0
13	0
18	0
9	0
9	0
13	0
22	0
22	0

