10.02.2014	15:05:22
automatische Belichtungszeit, Gamma 1,60 korrigiert!
yPos 245	xPos 218
Drehwinkel:5,00 Grad

Zeilenpixel	Spaltenpixel
6	40
3	34
1	9
3	9
53	28
40	6
6	13
6	46
3	34
9	13
22	53
22	102
1	13
1	22
28	34
93	6
40	13
13	6
13	6
9	3
6	6
6	18
9	9
9	13
3	46
6	61
6	34
1	9
13	18
28	46
53	22
46	53
46	61
40	61
28	53
18	22
9	46
1	22
28	9
84	18
68	22
34	22
13	53
13	68
13	76
13	34
13	34
6	18
3	9
13	3
6	18
1	34
3	13
18	28
40	61
53	111
40	84
9	53
1	53
3	53
9	40
3	53
3	68
3	111
13	102
28	46
40	76
40	130
34	93
22	46
9	53
9	76
28	111
22	84
13	84
13	68
9	53
6	68
13	93
22	102
40	141
76	111
46	53
6	68
6	102
13	130
22	184
18	219
6	172
18	141
28	121
18	151
9	172
9	172
22	184
28	151
28	121
28	93
22	93
18	162
18	162
13	207
13	295
28	231
18	195
3	151
18	172
40	207
46	141
22	162
6	337
6	458
9	458
18	351
18	243
18	207
28	269
34	243
40	269
34	490
18	557
9	557
34	645
93	719
102	627
76	506
53	557
40	557
28	645
18	557
22	442
53	540
93	474
111	490
68	700
40	875
61	855
84	958
84	1131
102	1065
102	1022
84	1176
84	1065
102	1131
121	1176
141	1176
130	1315
121	1363
184	1436
295	1315
366	1387
381	1688
351	1846
309	1766
269	1636
269	1766
323	1873
490	1900
609	1846
540	1714
490	1873
645	1955
757	2150
700	2179
681	2150
738	2207
835	2265
896	2150
875	2265
875	2236
979	2207
1087	2236
1043	2265
937	2412
937	2065
1000	2236
1176	2441
1315	2471
1485	2715
1714	3163
1819	3065
1927	3065
2094	2904
2207	2684
2265	2778
2236	2872
2179	2904
2150	2872
2179	2840
2236	2968
2323	3228
2441	3130
2562	3228
2592	3228
2501	3000
2531	2968
2746	3163
2809	3328
2840	2872
2872	3097
2904	3130
2936	3262
3195	3163
3463	3429
3396	3032
3396	3097
3396	3429
3295	3532
3295	3497
3362	3600
3362	3396
3362	3195
3362	3362
3362	3532
3362	3429
3328	3497
3396	3532
3497	3396
3635	3429
3566	3262
3497	3328
3497	3532
3497	3566
3497	3497
3396	3532
3228	3429
3097	3163
3065	3362
3228	3362
3566	3600
3635	3739
3532	3600
3295	3635
3130	4168
3065	3739
3000	3600
2936	3362
2872	3295
2592	3362
2412	3566
2531	3463
2562	3532
2562	3130
2501	3463
2382	3163
2122	3130
1873	3262
1766	3362
1846	3362
1636	3429
1510	3228
1662	3262
1662	2904
1585	3000
1363	3065
1154	3097
1000	3000
1043	3065
1087	2809
958	2904
681	3000
458	2904
295	2684
172	2778
162	2715
162	2623
184	2592
184	2936
121	2968
93	2840
121	2715
68	2592
18	2412
18	2684
22	2936
18	2936
18	2872
13	2872
9	2840
3	2562
3	2592
6	2684
22	2623
22	2778
28	2715
34	2653
40	2441
61	2531
76	2441
61	2412
53	2531
61	2562
76	2412
130	2382
219	2412
337	2353
490	2353
609	2353
738	2236
796	2179
896	2265
1087	2441
1245	2265
1387	2065
1411	2010
1436	1900
1560	1793
1636	1740
1688	1793
1793	1714
1873	1560
1846	1585
1846	1688
1900	1662
2010	1560
2122	1560
2236	1560
2353	1585
2323	1585
2265	1315
2179	1268
2207	1315
2150	1176
1982	1000
1873	1022
1982	1154
2094	1043
2010	1000
1819	1087
1662	835
1610	663
1610	700
1560	700
1436	627
1339	609
1339	627
1411	681
1222	663
979	591
916	442
796	366
700	366
719	411
757	442
681	557
540	506
474	366
411	282
366	256
323	243
269	151
231	231
151	323
111	207
111	184
162	172
141	130
53	151
13	130
6	162
9	172
6	231
18	256
28	207
28	162
18	84
13	84
13	40
13	68
18	84
22	93
22	93
28	172
46	93
93	53
130	46
184	53
269	40
351	53
351	84
323	40
442	40
645	40
719	93
855	111
1176	84
1411	34
1411	76
1339	93
1315	46
1460	34
1662	40
1900	53
1982	76
1819	28
1846	13
1900	6
1714	40
1585	22
1560	9
1610	28
1560	46
1534	22
1636	22
1766	34
1793	84
2065	28
2353	53
2179	34
2065	40
2037	18
1873	40
1610	46
1610	61
1610	22
1363	6
1131	18
1087	68
1109	22
1087	34
1022	22
855	18
645	22
474	40
411	1
337	6
269	46
282	28
295	40
172	22
93	34
93	22
102	3
93	1
40	6
3	46
6	1
28	9
18	3
3	6
9	13
18	1
13	9
9	61
3	28
3	6
9	1
34	3
46	6
76	1
111	13
172	40
256	6
295	13
309	6
309	68
351	46
490	1
663	9
719	68
916	3
1087	9
1131	22
1268	6
1510	18
1610	61
1793	3
1873	46
1819	3
1740	40
1688	18
1688	6
1610	9
1585	9
1766	1
1819	22
1766	9
1793	53
1846	1
1793	13
1766	9
1846	22
1846	9
1766	13
1793	40
1846	28
1819	13
1740	13
1662	1
1662	13
1610	13
1436	18
1245	9
1245	22
1222	22
1154	3
1087	34
875	6
719	13
591	68
540	13
426	22
282	13
219	28
269	6
351	9
282	46
172	61
93	102
76	18
68	1
46	28
18	22
28	9
28	9
22	61
40	28
46	13
9	3
6	9
1	13
1	40
3	61
6	13
34	22
121	34
93	6
40	28
84	9
93	1
84	40
130	13
219	46
366	13
411	22
442	53
645	61
896	22
1087	28
1245	40
1436	93
1436	46
1339	40
1387	18
1510	61
1560	68
1560	93
1560	53
1560	22
1793	13
1955	28
1900	18
1982	3
2122	40
2122	18
2122	53
2094	68
2037	61
1846	0
1900	0
2094	0
2150	0
1873	0
1688	0
1662	0
1740	0
1819	0
1793	0
1714	0
1610	0
1534	0
1534	0
1560	0
1436	0
1315	0
1176	0
1065	0
979	0
958	0
958	0
896	0
681	0
523	0
506	0
442	0
351	0
309	0
256	0
207	0
195	0
184	0
111	0
53	0
40	0
22	0
6	0
1	0
3	0
13	0
9	0
6	0
3	0
6	0
9	0
13	0
13	0
13	0
9	0
9	0
13	0
18	0
28	0
68	0
151	0
195	0
243	0
351	0
474	0
627	0
681	0
557	0
506	0
591	0
719	0
796	0
896	0
1109	0
1292	0
1411	0
1636	0
1793	0
1793	0
1793	0
1873	0
2065	0
2179	0
2207	0
2236	0
2265	0
2207	0
2353	0
2562	0
2562	0
2562	0
2653	0
2778	0
2746	0
2562	0
2471	0
2562	0
2653	0
2809	0
3065	0
3032	0
2936	0
3000	0
3065	0
3065	0
3130	0
3262	0
3362	0
3429	0
3463	0
3228	0
3065	0
3000	0
2968	0
2872	0
2746	0
2840	0
3065	0
2936	0
2840	0
2936	0
2653	0
2501	0
2623	0
2715	0
2746	0
2746	0
2809	0
2653	0
2441	0
2562	0
2653	0
2323	0
2179	0
2265	0
2179	0
2179	0
2207	0
2207	0
2094	0
2122	0
2150	0
2065	0
2010	0
2037	0
2037	0
2010	0
1927	0
1793	0
1636	0
1436	0
1339	0
1363	0
1387	0
1222	0
1154	0
1268	0
1315	0
1292	0
1176	0
1065	0
1022	0
1000	0
958	0
855	0
663	0
627	0
719	0
609	0
523	0
426	0
351	0
323	0
351	0
396	0
411	0
411	0
351	0
243	0
151	0
172	0
219	0
207	0
141	0
151	0
184	0
162	0
76	0
84	0
141	0
130	0
61	0
18	0
28	0
68	0
76	0
28	0
22	0
93	0
172	0
121	0
9	0
6	0
3	0
3	0
6	0

