1	22
2	22
3	22
4	18
5	13
6	18
7	28
8	22
9	18
10	22
11	13
12	13
13	18
14	22
15	22
16	18
17	18
18	22
19	28
20	28
21	22
22	18
23	13
24	9
25	9
26	13
27	18
28	18
29	22
30	34
31	22
32	13
33	13
34	18
35	22
36	28
37	28
38	22
39	18
40	18
41	18
42	18
43	22
44	22
45	22
46	22
47	18
48	18
49	22
50	22
51	22
52	28
53	22
54	18
55	18
56	22
57	22
58	18
59	18
60	18
61	18
62	18
63	22
64	18
65	13
66	18
67	22
68	18
69	18
70	18
71	22
72	22
73	18
74	18
75	22
76	22
77	22
78	18
79	13
80	9
81	13
82	22
83	22
84	22
85	22
86	18
87	18
88	13
89	9
90	13
91	18
92	18
93	18
94	13
95	18
96	28
97	28
98	18
99	18
100	18
101	22
102	22
103	22
104	18
105	18
106	18
107	22
108	28
109	22
110	13
111	13
112	18
113	18
114	22
115	22
116	22
117	18
118	18
119	18
120	18
121	18
122	13
123	18
124	22
125	28
126	22
127	13
128	13
129	13
130	18
131	13
132	13
133	18
134	18
135	18
136	18
137	18
138	18
139	13
140	13
141	18
142	18
143	18
144	18
145	13
146	18
147	13
148	18
149	18
150	18
151	18
152	22
153	22
154	18
155	13
156	13
157	13
158	18
159	22
160	22
161	18
162	22
163	22
164	18
165	18
166	18
167	22
168	18
169	13
170	13
171	18
172	18
173	18
174	18
175	28
176	34
177	28
178	22
179	18
180	22
181	22
182	28
183	34
184	28
185	22
186	28
187	34
188	28
189	34
190	34
191	40
192	34
193	34
194	46
195	53
196	61
197	61
198	61
199	61
200	61
201	61
202	68
203	61
204	61
205	68
206	84
207	93
208	102
209	93
210	102
211	111
212	121
213	141
214	141
215	130
216	130
217	151
218	184
219	195
220	207
221	256
222	282
223	295
224	282
225	269
226	282
227	295
228	337
229	366
230	396
231	411
232	426
233	474
234	506
235	490
236	506
237	557
238	591
239	627
240	681
241	700
242	700
243	776
244	855
245	896
246	875
247	896
248	937
249	958
250	937
251	937
252	1000
253	1065
254	1109
255	1199
256	1268
257	1339
258	1411
259	1436
260	1460
261	1485
262	1460
263	1485
264	1585
265	1610
266	1688
267	1740
268	1740
269	1846
270	1846
271	1873
272	1900
273	2010
274	2037
275	2010
276	2122
277	2122
278	2122
279	2207
280	2207
281	2207
282	2236
283	2265
284	2323
285	2412
286	2441
287	2441
288	2471
289	2531
290	2592
291	2592
292	2592
293	2623
294	2653
295	2653
296	2684
297	2684
298	2715
299	2715
300	2715
301	2653
302	2623
303	2623
304	2592
305	2531
306	2562
307	2562
308	2562
309	2592
310	2592
311	2562
312	2471
313	2441
314	2412
315	2353
316	2294
317	2236
318	2179
319	2122
320	2094
321	2037
322	2037
323	2010
324	1982
325	1955
326	1873
327	1819
328	1793
329	1688
330	1560
331	1460
332	1292
333	1109
334	1000
335	896
336	835
337	776
338	681
339	591
340	557
341	540
342	506
343	474
344	426
345	381
346	295
347	243
348	219
349	195
350	151
351	111
352	93
353	76
354	46
355	34
356	40
357	40
358	28
359	22
360	13
361	9
362	9
363	9
364	13
365	18
366	22
367	22
368	18
369	18
370	18
371	18
372	22
373	28
374	40
375	53
376	61
377	76
378	84
379	102
380	141
381	151
382	162
383	172
384	184
385	231
386	295
387	381
388	442
389	458
390	474
391	506
392	557
393	609
394	700
395	757
396	835
397	916
398	958
399	958
400	1022
401	1087
402	1131
403	1222
404	1268
405	1339
406	1411
407	1510
408	1510
409	1510
410	1585
411	1636
412	1662
413	1714
414	1740
415	1740
416	1688
417	1662
418	1714
419	1714
420	1740
421	1819
422	1714
423	1688
424	1766
425	1740
426	1714
427	1714
428	1714
429	1636
430	1510
431	1460
432	1436
433	1411
434	1411
435	1436
436	1387
437	1315
438	1292
439	1199
440	1087
441	1000
442	937
443	835
444	776
445	738
446	627
447	557
448	540
449	506
450	458
451	396
452	337
453	282
454	243
455	219
456	195
457	184
458	195
459	162
460	121
461	84
462	76
463	68
464	61
465	46
466	34
467	28
468	28
469	28
470	22
471	18
472	13
473	9
474	9
475	18
476	13
477	13
478	18
479	22
480	34
481	40
482	46
483	46
484	61
485	76
486	93
487	121
488	172
489	195
490	195
491	269
492	309
493	309
494	351
495	411
496	426
497	458
498	609
499	645
500	700
501	896
502	916
503	958
504	1000
505	1043
506	1131
507	1245
508	1387
509	1460
510	1436
511	1485
512	1585
513	1534
514	1610
515	1740
516	1688
517	1662
518	1766
519	1873
520	1846
521	2010
522	2094
523	2037
524	2037
525	2094
526	2094
527	2094
528	2122
529	2179
530	2207
531	2122
532	2150
533	2150
534	2094
535	2207
536	2207
537	2179
538	2179
539	2236
540	2207
541	2150
542	2150
543	2122
544	2150
545	2179
546	2179
547	2122
548	2094
549	2065
550	2037
551	2010
552	1955
553	1955
554	1955
555	1927
556	1900
557	1873
558	1793
559	1766
560	1740
561	1766
562	1793
563	1766
564	1714
565	1714
566	1740
567	1740
568	1740
569	1636
570	1560
571	1534
572	1485
573	1387
574	1292
575	1292
576	1222
577	1222
578	1245
579	1131
580	1043
581	1043
582	1043
583	1022
584	1000
585	1022
586	1065
587	1000
588	916
589	855
590	757
591	719
592	719
593	663
594	574
595	540
596	523
597	506
598	506
599	540
600	523
601	490
602	506
603	490
604	442
605	411
606	411
607	381
608	309
609	282
610	295
611	269
612	269
613	282
614	269
615	243
616	231
617	207
618	172
619	162
620	172
621	184
622	184
623	207
624	195
625	162
626	151
627	141
628	130
629	121
630	102
631	84
632	76
633	84
634	84
635	93
636	102
637	84
638	61
639	53
640	53
641	53
642	53
643	53
644	46
645	40
646	34
647	40
648	40
649	40
650	40
651	40
652	34
653	22
654	18
655	18
656	18
657	22
658	22
659	18
660	22
661	22
662	22
663	22
664	18
665	13
666	13
667	13
668	9
669	13
670	18
671	13
672	9
673	13
674	13
675	13
676	13
677	18
678	18
679	13
680	18
681	18
682	13
683	9
684	6
685	6
686	9
687	6
688	6
689	9
690	9
691	9
692	9
693	13
694	9
695	9
696	9
697	9
698	9
699	6
700	9
701	9
702	13
703	18
704	13
705	9
706	6
707	6
708	6
709	9
710	13
711	13
712	9
713	9
714	6
715	9
716	13
717	9
718	6
719	6
720	9
721	13
722	13
723	9
724	9
725	13
726	18
727	9
728	6
729	6
730	9
731	9
732	9
733	9
734	13
735	18
736	13
737	9
738	13
739	9
740	6
741	9
742	9
743	9
744	6
